8.610000
6232019
8610000
2000107352
68.889999
48742673
68890000
16000846783
233.100006
180501909
233100000
54002928550
552.300049
402681742
552300000
128007251781
1080.530029
818038627
1080530000
250013858856
8.270000
3882266
8270000
2000220498
66.389999
30115919
66390000
16001748195
223.669998
106551133
223670000
54005846576
530.960022
235247834
530960000
128013853242
1037.580078
506342355
1037580000
250027193549
8.000000
3568619
8000000
2000098328
63.950001
30765235
63950000
16000787003
216.169998
97388696
216170000
54002680820
514.380005
243735875
514380000
128006323287
1004.239990
490788028
1004240000
250012357752
